025   5866
089   5866
445   5866
092   5822
800   5418
673   5233
479   5212
520   5169
255   5070
009   4927
584   4847
321   4783
653   4613
226   4583
604   4490
201   4461
834   4311
459   4079
654   4019
483   3985
101   3933
476   3919
190   3861
374   3705
571   3639
816   3598
172   3571
467   3517
958   3507
058   3501
494   3499
931   3457
399   3375
838   3315
533   3297
633   3263
269   3227
763   3225
841   3212
080   3197
002   3193
990   3182
436   3166
327   3110
127   3108
083   3097
152   3067
422   3051
332   3050
247   3045
412   3037
646   2994
071   2977
595   2957
534   2956
523   2954
035   2935
866   2908
929   2907
918   2906
540   2902
456   2872
184   2850
759   2829
492   2821
343   2819
991   2797
850   2792
825   2779
104   2764
890   2756
927   2749
826   2713
427   2700
962   2697
307   2678
904   2677
413   2668
166   2658
295   2657
600   2653
342   2632
291   2621
423   2591
149   2583
176   2575
164   2571
590   2561
057   2552
969   2547
214   2521
310   2518
257   2515
742   2506
146   2494
206   2490
056   2483
495   2478
892   2468
970   2463
768   2459
645   2454
409   2434
946   2408
208   2377
175   2354
675   2343
552   2330
122   2325
627   2323
424   2318
213   2268
429   2261
192   2256
917   2231
522   2221
223   2219
730   2203
700   2191
711   2180
833   2175
368   2148
196   2142
561   2140
069   2130
718   2128
836   2123
268   2115
309   2114
274   2090
599   2088
239   2075
182   2074
197   2067
773   2036
224   2023
713   2021
781   2017
580   2015
925   2010
090   2006
253   2004
199   1994
065   1991
187   1985
995   1964
722   1956
889   1955
555   1954
064   1953
963   1950
752   1946
508   1927
696   1923
795   1922
120   1910
403   1897
286   1891
939   1890
764   1889
607   1887
254   1874
655   1869
229   1866
680   1863
461   1862
438   1860
353   1845
180   1842
592   1823
968   1818
701   1812
851   1806
528   1803
553   1799
039   1794
803   1792
062   1790
896   1784
635   1773
640   1772
622   1761
824   1760
282   1752
843   1733
762   1732
957   1727
862   1724
732   1719
619   1718
017   1694
273   1690
041   1689
195   1677
618   1668
790   1665
823   1664
303   1656
023   1645
279   1644
410   1635
404   1632
212   1629
458   1623
132   1622
204   1620
554   1619
139   1606
564   1600
451   1599
860   1585
443   1583
277   1578
378   1574
998   1573
907   1568
507   1562
572   1553
656   1552
073   1548
743   1546
529   1534
961   1529
690   1528
318   1524
189   1520
151   1513
225   1511
029   1508
806   1507
016   1502
415   1497
783   1488
169   1487
976   1485
582   1482
606   1476
028   1473
250   1472
259   1469
107   1465
650   1459
897   1458
395   1456
480   1454
278   1445
652   1442
864   1432
158   1431
075   1422
576   1421
074   1419
449   1417
735   1415
129   1414
560   1410
366   1407
518   1406
596   1395
725   1388
745   1382
814   1379
605   1377
509   1376
055   1367
920   1362
945   1350
739   1346
076   1344
210   1335
398   1333
854   1326
346   1324
414   1321
975   1318
744   1317
159   1316
228   1310
352   1302
703   1297
367   1296
358   1294
996   1293
354   1286
986   1282
063   1279
707   1266
598   1265
748   1264
952   1262
751   1252
284   1250
778   1249
302   1246
686   1234
912   1233
372   1230
938   1226
934   1223
267   1222
944   1221
453   1216
568   1213
355   1212
236   1206
420   1190
817   1189
517   1188
979   1184
771   1178
105   1176
543   1175
188   1174
419   1173
406   1170
490   1169
913   1166
442   1162
905   1161
775   1159
714   1155
162   1154
311   1147
726   1145
855   1143
928   1135
393   1133
583   1129
078   1126
084   1123
179   1118
992   1115
932   1111
313   1108
712   1105
676   1103
365   1101
859   1099
684   1097
693   1089
541   1088
620   1086
154   1084
325   1083
908   1081
723   1079
525   1076
613   1074
339   1073
095   1071
448   1069
119   1068
779   1066
275   1064
861   1062
785   1061
246   1060
616   1059
519   1053
099   1049
209   1044
038   1040
919   1038
270   1037
573   1035
222   1034
717   1033
847   1032
218   1028
940   1027
955   1025
930   1019
181   1015
689   1013
966   1005
698   1002
643   1001
133   997
937   995
091   993
386   992
514   986
324   981
022   980
363   979
477   977
489   970
530   968
117   967
819   966
338   962
724   958
498   956
359   954
473   953
141   951
893   945
736   942
379   939
510   938
614   935
452   929
829   927
425   922
499   914
160   912
967   911
977   910
556   908
629   906
953   903
642   901
631   900
720   899
364   893
603   891
636   888
551   887
657   883
300   879
474   877
809   876
648   872
621   871
001   870
728   869
659   868
085   865
457   864
557   863
261   861
709   860
563   859
375   858
947   856
617   855
634   853
387   850
895   844
537   843
881   841
111   839
777   837
316   831
380   828
256   825
289   824
203   820
216   818
837   816
319   813
165   808
171   807
288   804
407   802
731   800
178   799
774   798
052   794
692   792
186   791
513   790
469   789
821   788
322   787
156   786
542   785
609   783
147   780
272   777
435   776
118   775
370   772
230   764
797   760
173   757
767   756
637   755
301   752
741   751
546   750
793   748
161   747
207   746
888   744
756   742
754   739
579   737
096   736
357   734
923   732
801   730
527   727
760   722
411   719
094   718
971   716
587   715
032   714
308   713
488   712
441   711
876   710
006   708
521   707
330   706
005   703
539   700
431   698
871   697
982   696
505   694
283   693
174   692
526   688
630   687
935   684
066   683
738   680
559   677
750   676
040   673
515   671
716   668
922   667
238   666
558   665
466   664
865   657
211   655
081   654
504   650
787   647
394   645
331   641
849   640
792   637
388   635
315   634
013   633
470   632
350   630
347   628
326   626
632   625
135   619
972   618
033   617
951   615
813   612
578   609
661   608
416   607
846   606
848   605
501   603
402   600
926   599
351   597
060   595
194   594
157   593
446   591
317   590
464   589
287   588
943   586
734   584
544   582
003   580
249   577
140   576
390   575
500   574
924   572
674   571
306   570
371   569
123   568
487   564
408   563
532   561
475   560
484   558
405   556
043   555
601   554
252   553
054   551
887   549
110   548
610   546
770   544
217   541
138   540
664   539
691   537
682   536
812   534
670   532
262   531
719   530
050   528
831   527
263   524
018   523
010   522
591   518
103   517
987   515
999   514
373   511
417   510
478   509
695   508
134   506
493   505
873   503
046   502
842   501
266   500
980   498
858   497
444   496
562   495
293   493
715   492
362   490
345   483
335   481
328   480
426   477
439   474
672   471
765   469
031   467
048   466
594   465
983   464
548   462
232   461
588   459
044   457
170   456
798   454
545   453
242   452
047   450
883   448
000   445
677   444
665   443
959   442
051   439
802   438
348   432
878   430
337   426
004   425
807   424
389   418
447   415
586   413
251   412
434   411
623   410
049   409
296   408
901   407
485   406
143   403
265   400
037   398
794   396
116   395
531   394
776   393
392   390
900   388
879   387
034   386
874   381
997   380
314   378
221   377
430   375
978   374
468   373
880   371
948   369
828   368
663   365
294   363
219   362
153   360
260   359
835   358
059   357
921   356
082   352
597   350
570   349
662   348
148   347
191   346
440   345
336   343
516   342
088   337
497   336
124   335
911   334
740   333
666   332
840   331
292   330
681   329
668   328
298   327
786   326
198   323
856   321
155   320
818   319
450   318
220   317
503   316
524   315
737   314
036   313
008   312
721   311
297   310
870   307
384   306
015   305
185   304
749   303
885   301
868   300
360   299
455   298
649   296
276   295
884   294
569   293
994   291
020   290
950   289
481   288
899   286
109   283
535   282
788   277
916   275
886   274
320   270
915   269
593   268
688   267
810   266
804   265
910   263
808   262
215   260
965   259
710   257
769   256
909   255
687   254
304   253
205   250
660   249
644   248
227   247
845   246
549   245
163   243
903   242
612   241
465   240
625   239
641   237
933   235
243   233
832   230
567   229
602   228
942   227
482   226
100   225
126   224
993   223
234   221
202   220
377   219
496   218
241   217
027   215
651   214
679   211
285   209
973   208
988   207
638   206
421   205
758   204
097   203
830   202
356   201
121   199
639   198
867   197
281   196
671   194
341   193
136   192
396   191
334   190
547   189
575   188
112   187
708   186
258   185
433   184
093   183
486   182
428   181
822   180
704   179
863   178
882   177
974   176
755   175
669   174
106   173
844   172
894   171
024   170
240   169
820   168
142   167
706   166
007   165
827   162
585   161
087   160
391   159
369   158
550   157
647   156
068   155
891   154
077   153
727   152
102   151
200   148
114   147
511   146
984   145
502   144
875   143
628   142
462   141
956   140
086   139
418   138
753   137
941   136
566   135
460   134
702   133
898   132
042   131
624   130
964   129
299   128
471   127
397   126
463   125
506   123
108   122
789   121
115   120
536   119
611   118
574   117
344   116
538   115
177   114
667   113
113   112
981   111
839   110
733   109
290   108
382   107
626   106
233   105
026   104
906   103
248   101
697   100
615   99
780   98
125   97
815   96
799   95
401   94
949   93
030   91
280   90
264   89
472   88
381   87
150   86
694   85
072   83
852   82
796   81
021   80
011   79
070   78
685   77
746   76
729   75
361   74
061   73
936   72
323   71
454   70
791   69
683   68
747   66
193   65
960   64
329   63
869   62
437   61
245   60
985   59
565   58
784   57
581   56
857   55
305   54
130   53
811   52
491   51
805   50
761   49
608   48
658   47
772   46
376   45
914   44
400   43
678   42
237   41
757   40
954   39
853   38
079   37
167   36
128   35
340   34
067   33
131   32
766   31
235   30
432   29
902   28
144   27
383   26
137   25
045   24
705   23
333   22
699   21
989   20
244   19
168   18
014   17
098   16
877   15
145   14
019   13
512   12
385   11
589   10
872   9
782   8
053   7
183   6
312   5
271   4
349   3
012   2
577   1
231   0
