000   445
001   870
002   3193
003   580
004   425
005   703
006   708
007   165
008   312
009   4927
010   522
011   79
012   2
013   633
014   17
015   305
016   1502
017   1694
018   523
019   13
020   290
021   80
022   980
023   1645
024   170
025   5866
026   104
027   215
028   1473
029   1508
030   91
031   467
032   714
033   617
034   386
035   2935
036   313
037   398
038   1040
039   1794
040   673
041   1689
042   131
043   555
044   457
045   24
046   502
047   450
048   466
049   409
050   528
051   439
052   794
053   7
054   551
055   1367
056   2483
057   2552
058   3501
059   357
060   595
061   73
062   1790
063   1279
064   1953
065   1991
066   683
067   33
068   155
069   2130
070   78
071   2977
072   83
073   1548
074   1419
075   1422
076   1344
077   153
078   1126
079   37
080   3197
081   654
082   352
083   3097
084   1123
085   865
086   139
087   160
088   337
089   5866
090   2006
091   993
092   5822
093   183
094   718
095   1071
096   736
097   203
098   16
099   1049
100   225
101   3933
102   151
103   517
104   2764
105   1176
106   173
107   1465
108   122
109   283
110   548
111   839
112   187
113   112
114   147
115   120
116   395
117   967
118   775
119   1068
120   1910
121   199
122   2325
123   568
124   335
125   97
126   224
127   3108
128   35
129   1414
130   53
131   32
132   1622
133   997
134   506
135   619
136   192
137   25
138   540
139   1606
140   576
141   951
142   167
143   403
144   27
145   14
146   2494
147   780
148   347
149   2583
150   86
151   1513
152   3067
153   360
154   1084
155   320
156   786
157   593
158   1431
159   1316
160   912
161   747
162   1154
163   243
164   2571
165   808
166   2658
167   36
168   18
169   1487
170   456
171   807
172   3571
173   757
174   692
175   2354
176   2575
177   114
178   799
179   1118
180   1842
181   1015
182   2074
183   6
184   2850
185   304
186   791
187   1985
188   1174
189   1520
190   3861
191   346
192   2256
193   65
194   594
195   1677
196   2142
197   2067
198   323
199   1994
200   148
201   4461
202   220
203   820
204   1620
205   250
206   2490
207   746
208   2377
209   1044
210   1335
211   655
212   1629
213   2268
214   2521
215   260
216   818
217   541
218   1028
219   362
220   317
221   377
222   1034
223   2219
224   2023
225   1511
226   4583
227   247
228   1310
229   1866
230   764
231   0
232   461
233   105
234   221
235   30
236   1206
237   41
238   666
239   2075
240   169
241   217
242   452
243   233
244   19
245   60
246   1060
247   3045
248   101
249   577
250   1472
251   412
252   553
253   2004
254   1874
255   5070
256   825
257   2515
258   185
259   1469
260   359
261   861
262   531
263   524
264   89
265   400
266   500
267   1222
268   2115
269   3227
270   1037
271   4
272   777
273   1690
274   2090
275   1064
276   295
277   1578
278   1445
279   1644
280   90
281   196
282   1752
283   693
284   1250
285   209
286   1891
287   588
288   804
289   824
290   108
291   2621
292   330
293   493
294   363
295   2657
296   408
297   310
298   327
299   128
300   879
301   752
302   1246
303   1656
304   253
305   54
306   570
307   2678
308   713
309   2114
310   2518
311   1147
312   5
313   1108
314   378
315   634
316   831
317   590
318   1524
319   813
320   270
321   4783
322   787
323   71
324   981
325   1083
326   626
327   3110
328   480
329   63
330   706
331   641
332   3050
333   22
334   190
335   481
336   343
337   426
338   962
339   1073
340   34
341   193
342   2632
343   2819
344   116
345   483
346   1324
347   628
348   432
349   3
350   630
351   597
352   1302
353   1845
354   1286
355   1212
356   201
357   734
358   1294
359   954
360   299
361   74
362   490
363   979
364   893
365   1101
366   1407
367   1296
368   2148
369   158
370   772
371   569
372   1230
373   511
374   3705
375   858
376   45
377   219
378   1574
379   939
380   828
381   87
382   107
383   26
384   306
385   11
386   992
387   850
388   635
389   418
390   575
391   159
392   390
393   1133
394   645
395   1456
396   191
397   126
398   1333
399   3375
400   43
401   94
402   600
403   1897
404   1632
405   556
406   1170
407   802
408   563
409   2434
410   1635
411   719
412   3037
413   2668
414   1321
415   1497
416   607
417   510
418   138
419   1173
420   1190
421   205
422   3051
423   2591
424   2318
425   922
426   477
427   2700
428   181
429   2261
430   375
431   698
432   29
433   184
434   411
435   776
436   3166
437   61
438   1860
439   474
440   345
441   711
442   1162
443   1583
444   496
445   5866
446   591
447   415
448   1069
449   1417
450   318
451   1599
452   929
453   1216
454   70
455   298
456   2872
457   864
458   1623
459   4079
460   134
461   1862
462   141
463   125
464   589
465   240
466   664
467   3517
468   373
469   789
470   632
471   127
472   88
473   953
474   877
475   560
476   3919
477   977
478   509
479   5212
480   1454
481   288
482   226
483   3985
484   558
485   406
486   182
487   564
488   712
489   970
490   1169
491   51
492   2821
493   505
494   3499
495   2478
496   218
497   336
498   956
499   914
500   574
501   603
502   144
503   316
504   650
505   694
506   123
507   1562
508   1927
509   1376
510   938
511   146
512   12
513   790
514   986
515   671
516   342
517   1188
518   1406
519   1053
520   5169
521   707
522   2221
523   2954
524   315
525   1076
526   688
527   727
528   1803
529   1534
530   968
531   394
532   561
533   3297
534   2956
535   282
536   119
537   843
538   115
539   700
540   2902
541   1088
542   785
543   1175
544   582
545   453
546   750
547   189
548   462
549   245
550   157
551   887
552   2330
553   1799
554   1619
555   1954
556   908
557   863
558   665
559   677
560   1410
561   2140
562   495
563   859
564   1600
565   58
566   135
567   229
568   1213
569   293
570   349
571   3639
572   1553
573   1035
574   117
575   188
576   1421
577   1
578   609
579   737
580   2015
581   56
582   1482
583   1129
584   4847
585   161
586   413
587   715
588   459
589   10
590   2561
591   518
592   1823
593   268
594   465
595   2957
596   1395
597   350
598   1265
599   2088
600   2653
601   554
602   228
603   891
604   4490
605   1377
606   1476
607   1887
608   48
609   783
610   546
611   118
612   241
613   1074
614   935
615   99
616   1059
617   855
618   1668
619   1718
620   1086
621   871
622   1761
623   410
624   130
625   239
626   106
627   2323
628   142
629   906
630   687
631   900
632   625
633   3263
634   853
635   1773
636   888
637   755
638   206
639   198
640   1772
641   237
642   901
643   1001
644   248
645   2454
646   2994
647   156
648   872
649   296
650   1459
651   214
652   1442
653   4613
654   4019
655   1869
656   1552
657   883
658   47
659   868
660   249
661   608
662   348
663   365
664   539
665   443
666   332
667   113
668   328
669   174
670   532
671   194
672   471
673   5233
674   571
675   2343
676   1103
677   444
678   42
679   211
680   1863
681   329
682   536
683   68
684   1097
685   77
686   1234
687   254
688   267
689   1013
690   1528
691   537
692   792
693   1089
694   85
695   508
696   1923
697   100
698   1002
699   21
700   2191
701   1812
702   133
703   1297
704   179
705   23
706   166
707   1266
708   186
709   860
710   257
711   2180
712   1105
713   2021
714   1155
715   492
716   668
717   1033
718   2128
719   530
720   899
721   311
722   1956
723   1079
724   958
725   1388
726   1145
727   152
728   869
729   75
730   2203
731   800
732   1719
733   109
734   584
735   1415
736   942
737   314
738   680
739   1346
740   333
741   751
742   2506
743   1546
744   1317
745   1382
746   76
747   66
748   1264
749   303
750   676
751   1252
752   1946
753   137
754   739
755   175
756   742
757   40
758   204
759   2829
760   722
761   49
762   1732
763   3225
764   1889
765   469
766   31
767   756
768   2459
769   256
770   544
771   1178
772   46
773   2036
774   798
775   1159
776   393
777   837
778   1249
779   1066
780   98
781   2017
782   8
783   1488
784   57
785   1061
786   326
787   647
788   277
789   121
790   1665
791   69
792   637
793   748
794   396
795   1922
796   81
797   760
798   454
799   95
800   5418
801   730
802   438
803   1792
804   265
805   50
806   1507
807   424
808   262
809   876
810   266
811   52
812   534
813   612
814   1379
815   96
816   3598
817   1189
818   319
819   966
820   168
821   788
822   180
823   1664
824   1760
825   2779
826   2713
827   162
828   368
829   927
830   202
831   527
832   230
833   2175
834   4311
835   358
836   2123
837   816
838   3315
839   110
840   331
841   3212
842   501
843   1733
844   172
845   246
846   606
847   1032
848   605
849   640
850   2792
851   1806
852   82
853   38
854   1326
855   1143
856   321
857   55
858   497
859   1099
860   1585
861   1062
862   1724
863   178
864   1432
865   657
866   2908
867   197
868   300
869   62
870   307
871   697
872   9
873   503
874   381
875   143
876   710
877   15
878   430
879   387
880   371
881   841
882   177
883   448
884   294
885   301
886   274
887   549
888   744
889   1955
890   2756
891   154
892   2468
893   945
894   171
895   844
896   1784
897   1458
898   132
899   286
900   388
901   407
902   28
903   242
904   2677
905   1161
906   103
907   1568
908   1081
909   255
910   263
911   334
912   1233
913   1166
914   44
915   269
916   275
917   2231
918   2906
919   1038
920   1362
921   356
922   667
923   732
924   572
925   2010
926   599
927   2749
928   1135
929   2907
930   1019
931   3457
932   1111
933   235
934   1223
935   684
936   72
937   995
938   1226
939   1890
940   1027
941   136
942   227
943   586
944   1221
945   1350
946   2408
947   856
948   369
949   93
950   289
951   615
952   1262
953   903
954   39
955   1025
956   140
957   1727
958   3507
959   442
960   64
961   1529
962   2697
963   1950
964   129
965   259
966   1005
967   911
968   1818
969   2547
970   2463
971   716
972   618
973   208
974   176
975   1318
976   1485
977   910
978   374
979   1184
980   498
981   111
982   696
983   464
984   145
985   59
986   1282
987   515
988   207
989   20
990   3182
991   2797
992   1115
993   223
994   291
995   1964
996   1293
997   380
998   1573
999   514
