555   1954
259   1262
449   1221
255   1076
199   1038
222   1034
111   839
777   837
117   807
779   760
888   744
257   727
178   697
559   677
133   641
033   617
166   608
006   595
225   553
466   539
226   531
005   528
999   514
378   503
444   496
157   492
345   483
335   481
223   461
224   452
388   448
000   445
599   442
447   415
236   410
049   409
269   408
037   398
677   393
009   388
122   377
366   365
135   360
129   356
579   350
044   345
336   343
119   334
666   332
229   330
668   328
289   327
155   320
188   319
008   312
348   306
588   301
036   299
455   298
267   295
488   294
059   289
355   282
788   277
169   275
023   270
159   269
359   268
688   267
048   265
088   262
017   257
099   255
066   249
446   248
227   247
458   246
456   240
256   239
146   237
339   235
567   229
249   227
001   225
126   224
399   223
022   220
377   219
038   202
134   193
112   187
334   184
039   183
468   182
228   180
047   179
288   177
479   176
557   175
669   174
448   172
124   167
558   161
055   157
077   153
002   148
114   147
489   145
025   144
268   142
569   140
148   138
357   137
566   135
046   134
889   132
024   131
299   128
147   127
379   126
346   125
056   123
018   122
789   121
115   120
356   119
116   118
457   117
344   116
177   114
189   111
389   110
337   109
238   107
266   106
026   104
248   101
156   99
078   98
799   95
499   93
003   91
028   90
246   89
247   88
015   86
469   85
027   83
258   82
679   81
011   79
007   78
467   76
279   75
136   74
016   73
369   72
233   71
445   70
179   69
368   68
477   66
139   65
069   64
239   63
689   62
347   61
245   60
556   58
478   57
158   56
578   55
013   53
118   52
058   50
068   48
568   47
277   46
367   45
149   44
004   43
678   42
237   41
459   39
079   37
167   36
128   35
034   34
067   33
113   32
667   31
235   30
234   29
029   28
144   27
338   26
137   25
045   24
057   23
333   22
699   21
899   20
244   19
168   18
014   17
089   16
778   15
145   14
019   13
125   12
358   11
589   10
278   8
035   7
138   6
127   4
349   3
012   2
577   1
123   0
