000   445
001   225
002   148
003   91
004   43
005   528
006   595
007   78
008   312
009   388
011   79
012   2
013   53
014   17
015   86
016   73
017   257
018   122
019   13
022   220
023   270
024   131
025   144
026   104
027   83
028   90
029   28
033   617
034   34
035   7
036   299
037   398
038   202
039   183
044   345
045   24
046   134
047   179
048   265
049   409
055   157
056   123
057   23
058   50
059   289
066   249
067   33
068   48
069   64
077   153
078   98
079   37
088   262
089   16
099   255
111   839
112   187
113   32
114   147
115   120
116   118
117   807
118   52
119   334
122   377
123   0
124   167
125   12
126   224
127   4
128   35
129   356
133   641
134   193
135   360
136   74
137   25
138   6
139   65
144   27
145   14
146   237
147   127
148   138
149   44
155   320
156   99
157   492
158   56
159   269
166   608
167   36
168   18
169   275
177   114
178   697
179   69
188   319
189   111
199   1038
222   1034
223   461
224   452
225   553
226   531
227   247
228   180
229   330
233   71
234   29
235   30
236   410
237   41
238   107
239   63
244   19
245   60
246   89
247   88
248   101
249   227
255   1076
256   239
257   727
258   82
259   1262
266   106
267   295
268   142
269   408
277   46
278   8
279   75
288   177
289   327
299   128
333   22
334   184
335   481
336   343
337   109
338   26
339   235
344   116
345   483
346   125
347   61
348   306
349   3
355   282
356   119
357   137
358   11
359   268
366   365
367   45
368   68
369   72
377   219
378   503
379   126
388   448
389   110
399   223
444   496
445   70
446   248
447   415
448   172
449   1221
455   298
456   240
457   117
458   246
459   39
466   539
467   76
468   182
469   85
477   66
478   57
479   176
488   294
489   145
499   93
555   1954
556   58
557   175
558   161
559   677
566   135
567   229
568   47
569   140
577   1
578   55
579   350
588   301
589   10
599   442
666   332
667   31
668   328
669   174
677   393
678   42
679   81
688   267
689   62
699   21
777   837
778   15
779   760
788   277
789   121
799   95
888   744
889   132
899   20
999   514
