385
512
019
145
877
098
014
168
244
989
699
333
705
045
137
383
144
902
432
235
766
131
067
340
128
167
079
853
954
757
237
678
400
914
376
772
658
608
761
805
491
811
130
305
857
581
784
565
985
245
437
869
329
960
193
747
400
683
791
454
323
936
061
361
729
746
685
070
011
021
796
852
072
019
694
150
381
472
264
280
030
131
949
401
799
815
125
780
615
697
248
244
906
026
233
626
382
290
733
839
981
113
667
177
538
344
574
611
536
115
789
108
506
658
463
397
471
299
964
624
042
898
702
460
566
941
753
418
086
956
462
628
875
502
984
511
114
200
233
021
102
727
077
891
068
647
550
369
391
087
585
827
746
471
007
706
142
820
240
024
894
844
106
669
755
974
882
863
704
822
428
486
093
433
258
708
112
575
547
334
396
136
341
671
472
281
867
639
121
053
356
830
097
758
421
638
988
973
285
853
679
385
114
651
027
418
241
496
377
202
234
960
993
126
100
482
942
602
567
832
784
471
243
941
933
708
641
733
625
465
612
903
163
011
549
845
227
644
660
205
137
933
304
687
909
769
710
942
965
215
641
808
910
769
804
810
688
593
915
320
200
112
993
886
916
704
788
612
391
981
086
535
109
869
086
899
805
481
950
020
994
746
569
884
276
649
053
455
360
868
885
915
749
185
015
384
870
109
125
297
721
008
036
737
524
503
220
450
818
155
856
964
198
397
872
786
298
668
681
292
840
666
740
911
124
497
088
575
577
746
114
516
336
612
440
191
148
662
570
597
020
082
276
079
685
921
059
835
260
153
942
219
294
853
663
902
535
828
948
902
880
462
468
978
430
503
221
314
297
997
874
822
234
227
567
034
879
900
472
392
683
740
776
531
116
794
818
037
042
265
231
885
143
827
511
485
901
296
049
623
434
251
586
137
447
705
397
389
574
602
496
296
804
807
004
337
087
852
290
878
822
348
472
511
704
538
789
802
051
602
914
959
665
677
000
536
776
883
265
047
125
242
545
798
432
170
044
853
588
333
232
548
885
983
594
048
031
248
765
341
672
036
153
439
465
909
426
109
936
328
335
956
345
877
612
663
068
882
328
362
758
715
293
059
562
444
858
980
061
266
842
046
873
497
493
134
007
695
478
417
373
898
985
999
987
949
103
591
997
989
103
010
018
263
575
281
831
050
575
719
262
670
615
812
575
682
691
608
664
138
217
959
219
770
340
610
789
110
887
845
054
265
252
601
043
405
155
484
010
475
532
361
408
487
780
245
786
123
371
306
674
924
879
500
390
140
249
941
014
003
594
544
853
734
550
943
746
287
464
317
446
112
157
194
060
729
351
168
926
402
796
061
501
464
848
846
416
661
578
060
061
813
531
883
951
894
033
972
135
170
708
626
879
050
632
326
051
347
258
350
362
470
013
315
388
471
792
315
276
849
331
347
670
789
394
219
787
031
298
504
980
758
470
081
211
157
865
608
900
249
418
296
047
466
558
238
922
716
612
136
515
177
040
382
593
750
559
559
487
738
087
243
066
935
891
258
630
526
789
450
936
174
283
505
978
982
871
431
341
539
046
972
005
012
265
330
521
006
798
876
441
488
308
032
587
971
408
094
411
140
020
760
639
128
849
136
527
013
948
801
326
923
145
357
020
096
579
428
754
754
988
756
434
888
667
207
161
793
280
546
741
301
594
237
637
767
173
088
428
797
142
559
683
230
794
910
131
266
538
746
587
370
755
501
118
435
272
644
329
147
611
787
609
589
542
156
322
821
469
513
186
692
397
052
497
799
798
774
178
731
906
407
349
288
388
108
171
165
481
432
454
061
319
924
130
837
565
216
870
203
708
088
787
289
256
081
347
380
682
837
316
845
340
810
883
926
777
331
111
289
881
513
537
895
922
935
036
954
344
387
691
982
634
558
617
947
669
375
563
709
261
264
557
457
085
536
349
659
728
001
621
648
004
813
532
809
474
010
300
094
087
289
657
098
067
983
551
636
251
626
603
351
364
639
623
215
506
749
720
631
642
828
953
579
715
629
750
556
470
977
967
160
030
499
173
014
648
391
697
587
821
425
881
203
578
628
829
950
452
756
626
418
042
045
614
615
350
510
379
150
005
736
375
061
893
503
556
760
048
807
141
570
473
359
329
498
761
724
336
102
235
338
886
463
513
819
117
530
174
489
941
902
157
869
137
794
477
340
363
022
324
289
669
329
258
514
335
923
087
636
569
386
091
454
937
536
133
447
068
537
643
698
617
691
966
297
245
356
033
020
361
832
689
906
181
761
498
978
930
043
003
999
441
615
955
720
940
218
692
663
336
847
717
222
573
345
270
919
665
038
243
241
136
209
231
102
671
668
099
513
186
903
519
266
549
758
879
369
616
246
785
861
815
275
473
779
567
119
448
858
095
848
339
613
792
525
767
947
723
977
908
160
325
154
369
620
875
541
693
558
347
203
902
527
131
651
684
706
859
695
365
856
676
767
712
328
682
313
828
973
932
647
664
102
992
272
749
179
810
659
401
875
084
746
891
078
858
813
583
021
720
828
393
736
928
326
612
665
647
031
294
094
855
109
726
537
311
666
861
173
698
861
960
162
714
853
901
444
775
705
905
442
804
782
430
913
030
351
490
406
637
280
419
188
543
105
856
771
723
791
300
232
114
979
136
879
710
517
817
420
109
497
241
391
050
921
218
462
959
723
757
669
715
765
285
236
300
285
512
434
131
355
568
609
658
453
902
557
887
898
944
267
934
428
135
938
578
770
203
372
933
672
912
686
095
481
361
234
362
521
639
326
387
951
142
302
856
370
778
284
048
751
237
664
591
389
517
135
937
362
895
952
091
748
598
707
535
885
903
801
265
778
731
857
287
513
911
812
063
369
313
986
716
124
256
354
822
331
344
770
053
070
996
358
827
367
703
681
174
686
466
352
406
567
883
562
741
613
033
228
899
994
148
569
364
159
744
975
276
001
414
694
558
346
881
854
136
471
496
333
312
008
398
797
210
872
285
173
248
935
363
608
707
076
113
739
739
299
549
945
585
698
877
115
614
695
181
119
888
077
359
920
556
482
676
566
055
623
499
878
015
008
045
439
284
509
605
731
814
160
167
745
695
331
266
488
557
725
936
421
524
350
698
809
596
046
407
749
470
593
573
840
305
341
390
518
366
377
697
560
822
105
625
129
735
487
449
020
074
787
576
075
174
882
231
518
910
644
322
577
158
864
975
454
868
143
262
242
102
276
754
652
731
702
278
036
557
945
570
679
861
050
000
480
899
395
134
897
650
624
348
114
237
376
107
272
193
873
259
359
709
250
028
854
893
606
315
817
469
950
221
582
125
909
976
202
169
783
888
246
317
650
779
369
883
110
415
125
942
428
084
016
818
383
049
289
806
029
559
367
225
448
151
493
262
301
299
097
550
189
054
776
983
318
244
709
831
690
961
663
877
153
832
529
557
470
243
774
888
157
373
113
398
045
830
743
997
073
744
856
801
656
572
805
045
651
160
784
789
334
326
507
137
430
359
010
621
907
848
143
740
626
998
378
624
435
085
277
874
883
565
373
443
411
860
105
989
914
525
898
489
659
049
061
328
266
976
628
451
564
265
052
860
416
109
139
441
319
760
699
446
395
499
087
560
037
531
891
554
204
694
132
458
497
378
188
698
289
212
278
297
404
808
367
410
233
038
334
144
942
173
038
634
279
023
950
596
173
499
329
975
784
320
932
347
303
915
907
610
407
695
661
308
823
790
099
139
618
380
703
695
489
869
659
387
244
195
712
641
007
695
323
598
909
706
119
249
396
041
273
033
634
041
017
691
920
151
278
784
839
174
498
336
912
753
813
989
761
941
625
503
435
688
787
250
560
393
619
732
107
691
453
753
862
641
123
957
134
594
914
708
762
843
936
308
703
326
425
631
981
679
340
336
650
100
480
238
043
699
900
126
282
061
551
217
414
532
348
704
824
622
875
405
954
111
473
099
249
967
282
289
640
635
261
075
908
717
644
845
777
815
020
650
896
643
075
001
181
450
062
356
803
754
039
741
126
543
941
553
328
949
641
528
731
739
851
606
383
692
010
557
701
519
143
248
960
468
968
981
606
387
778
592
293
026
416
280
324
110
624
729
916
699
521
278
563
531
447
349
938
324
180
815
802
353
583
952
709
581
671
159
273
879
261
258
475
344
356
391
438
993
461
680
997
232
229
612
134
655
642
070
079
014
254
624
369
996
261
980
434
070
369
451
373
819
818
607
698
764
939
286
785
860
111
628
869
403
010
008
318
656
516
899
849
473
392
602
751
475
120
271
256
657
236
888
361
232
628
920
100
896
795
696
999
977
020
508
577
915
864
144
981
612
845
706
011
446
755
790
828
191
705
777
334
787
752
019
914
082
963
320
118
064
555
889
722
835
178
514
967
668
873
319
995
498
313
831
887
899
764
957
462
899
267
107
264
107
454
432
811
683
952
671
290
187
145
234
810
801
550
065
884
566
199
365
053
216
241
205
896
701
508
547
253
635
090
313
644
988
925
905
553
131
577
580
813
781
651
416
774
713
408
224
663
878
519
870
119
731
417
281
702
381
141
605
773
743
503
498
864
672
313
511
306
601
189
567
133
030
039
823
297
847
037
222
827
188
411
451
660
430
275
022
750
331
461
197
980
880
360
812
755
339
182
239
378
231
661
001
685
471
218
055
313
097
971
259
599
240
274
227
784
079
607
716
771
598
844
405
451
871
988
474
758
415
241
139
674
776
936
438
887
326
309
268
796
746
565
367
634
349
899
836
955
314
472
947
718
178
069
224
810
622
491
301
288
490
840
680
561
807
196
158
757
442
688
799
368
547
827
285
640
889
569
856
783
464
395
622
197
163
683
043
472
799
636
656
861
224
521
794
076
094
043
833
275
744
178
150
711
117
278
367
283
452
068
218
875
325
982
700
731
909
902
027
656
207
402
764
047
660
599
730
919
055
053
031
937
029
047
245
610
371
773
713
515
727
505
223
771
522
998
351
695
209
614
797
773
370
649
917
668
513
407
142
437
330
287
614
785
362
088
978
288
935
945
667
974
182
774
382
041
678
312
713
192
308
296
963
461
429
642
391
474
041
949
605
213
605
557
011
161
924
829
817
081
802
073
076
475
100
738
667
139
670
150
684
339
524
066
209
669
460
897
361
370
478
392
275
942
621
162
582
502
395
304
941
988
578
551
718
194
767
395
031
298
902
424
180
281
708
714
627
608
122
876
124
143
411
552
425
260
430
330
580
283
119
803
688
681
855
703
675
902
689
444
672
384
628
859
238
354
938
175
770
447
553
697
585
194
241
258
657
272
284
648
627
363
583
648
980
832
883
895
626
531
208
411
597
858
965
876
284
636
397
987
804
806
199
130
077
260
685
347
659
359
843
631
630
279
481
986
316
466
341
668
587
946
045
312
411
575
419
677
115
392
821
391
107
262
180
578
367
612
077
244
594
921
901
764
587
169
840
409
085
650
139
870
211
145
780
341
588
852
701
315
499
743
758
383
182
829
910
645
243
124
429
487
768
965
960
669
970
613
957
250
352
892
170
286
548
389
738
553
285
998
303
495
482
506
404
030
056
623
558
521
934
544
670
206
630
712
559
146
921
036
662
537
911
652
968
072
693
208
361
742
300
819
977
871
210
502
386
761
257
700
793
310
757
392
214
903
248
236
585
854
156
702
068
478
004
809
630
723
335
444
256
204
488
618
805
774
300
683
344
303
969
875
087
610
474
057
224
742
945
613
368
319
645
432
590
283
992
755
955
643
634
687
968
320
164
293
024
185
176
726
322
524
574
554
019
072
149
776
899
980
805
867
517
030
423
008
680
789
423
224
004
529
957
405
233
863
167
114
648
987
573
460
244
197
088
899
711
898
784
358
271
982
378
694
291
860
212
289
882
776
383
207
732
803
943
342
198
956
093
667
323
740
748
200
192
165
169
547
846
005
194
409
134
393
954
250
600
568
309
385
295
166
414
051
552
373
748
681
643
227
626
413
055
398
598
295
956
683
573
753
904
307
115
559
906
742
393
361
528
718
569
091
117
874
714
625
846
367
441
468
962
003
410
427
550
884
579
811
260
999
630
232
112
965
383
157
826
660
082
749
139
928
044
473
493
798
506
300
603
498
573
814
566
115
100
398
806
493
170
315
719
026
020
188
170
916
487
693
944
248
642
368
927
169
307
185
714
506
406
890
128
344
556
242
042
300
732
104
292
537
210
098
613
383
775
296
349
288
149
943
736
452
825
843
464
389
890
060
930
782
592
907
579
627
231
850
228
329
155
798
991
020
849
667
410
510
963
832
465
073
569
451
393
808
407
901
171
836
996
466
418
167
343
985
492
484
014
203
536
921
338
450
759
792
039
215
028
737
632
137
955
192
381
034
895
693
721
602
249
857
466
780
032
184
174
617
288
222
831
360
235
115
770
832
041
328
176
641
669
675
549
251
082
243
139
456
497
564
556
676
556
636
290
784
966
039
318
536
496
851
549
639
640
364
658
632
330
277
849
762
732
149
113
308
857
540
268
807
250
918
929
866
347
380
038
228
417
922
688
209
632
921
556
147
457
622
760
166
670
203
309
554
194
546
636
779
823
123
035
676
266
851
576
992
896
293
296
373
204
046
294
097
576
250
493
006
744
523
382
534
595
644
310
814
656
114
889
524
936
428
286
110
315
709
371
181
743
831
743
899
071
921
974
057
042
150
764
317
706
539
925
408
156
407
103
005
061
646
199
099
034
094
271
304
997
756
166
866
438
718
538
021
994
468
447
267
667
989
140
992
625
339
343
181
419
797
799
869
401
442
340
913
773
694
132
203
466
670
195
023
412
690
514
578
749
936
237
572
247
167
810
307
739
332
422
418
897
708
908
333
149
108
485
879
652
573
093
099
351
098
152
565
253
873
284
965
297
547
843
393
641
613
030
265
295
108
583
398
803
632
503
619
639
877
626
346
944
928
558
964
083
252
484
247
309
921
245
861
847
277
921
127
694
327
976
875
887
769
242
661
012
405
212
112
364
651
643
832
369
962
543
162
015
862
267
843
746
802
140
828
031
732
502
197
628
923
185
349
214
390
036
537
517
748
987
698
347
659
527
290
368
431
985
507
143
108
234
585
694
436
100
518
665
339
086
850
070
383
810
645
120
758
728
436
382
990
301
077
695
413
405
996
861
870
588
668
002
553
220
549
080
363
544
973
912
618
116
325
922
482
457
122
388
606
537
841
069
795
759
757
693
856
193
648
775
478
128
023
763
492
269
096
608
607
712
103
663
355
302
035
808
875
642
493
026
723
525
001
664
470
757
032
978
287
369
465
865
421
195
982
100
731
263
746
755
997
633
425
967
446
045
030
538
749
180
637
317
224
315
594
166
497
880
882
135
960
750
209
309
254
193
917
488
489
012
589
145
368
781
772
533
993
580
908
920
333
961
045
613
808
724
541
762
783
246
805
934
890
838
619
791
381
385
436
724
220
944
442
443
116
134
933
330
708
180
068
539
469
268
433
261
754
010
350
385
171
947
838
567
872
042
766
624
717
098
961
310
240
455
422
429
531
632
902
436
753
481
567
241
087
265
509
360
342
416
643
355
139
399
599
501
248
080
499
928
525
189
628
365
442
818
214
068
497
560
808
251
770
358
370
684
650
080
716
866
697
868
975
787
301
662
634
056
211
002
452
827
936
176
820
084
242
863
610
345
713
069
999
485
648
618
969
457
911
109
862
779
540
992
439
699
144
341
127
017
750
348
552
263
985
638
415
385
210
868
746
351
464
472
430
931
242
767
209
341
353
918
804
170
145
697
905
262
412
763
227
725
157
922
017
941
454
162
704
635
573
371
510
769
608
582
212
256
682
456
721
541
773
926
439
163
500
494
644
058
789
915
819
265
475
958
559
809
225
016
418
454
038
082
691
467
055
006
791
769
555
220
759
083
727
358
178
827
628
294
574
523
247
920
788
907
158
927
329
666
329
886
714
652
022
429
006
784
849
369
431
315
796
219
342
194
368
337
721
868
491
100
648
785
246
206
746
287
087
172
428
782
334
753
108
544
809
420
725
806
160
843
528
960
062
030
940
742
518
278
057
281
316
730
458
954
816
224
456
133
208
286
958
784
404
063
350
219
200
106
265
937
013
679
347
677
591
546
388
777
782
215
164
358
141
813
777
809
277
879
587
635
573
176
982
285
242
571
640
937
726
142
228
510
869
804
537
085
295
245
194
638
097
469
033
020
703
146
794
917
302
040
693
921
568
296
447
805
743
726
378
594
094
506
006
809
298
280
578
608
345
605
050
670
111
855
573
586
970
371
017
377
498
442
642
513
340
449
621
965
084
216
975
374
713
798
090
074
291
129
770
771
916
071
501
016
140
303
144
551
199
407
127
016
665
686
794
815
320
660
897
270
419
036
743
199
178
413
240
794
823
162
557
021
775
914
945
945
665
340
267
692
463
075
535
043
457
280
803
612
402
901
171
175
671
007
354
575
379
613
248
764
519
259
434
068
252
744
130
478
672
748
715
642
688
878
666
720
097
249
828
801
248
468
838
132
535
485
041
700
493
486
312
787
948
650
277
623
168
432
935
674
247
019
701
427
837
350
266
379
526
760
176
289
001
345
756
062
147
119
059
861
898
528
503
057
022
820
450
310
161
056
332
852
836
286
207
000
882
304
641
637
268
106
135
667
337
776
232
190
810
156
873
954
076
634
879
086
591
761
020
929
082
077
827
019
743
235
768
056
855
941
105
749
643
938
409
414
263
185
763
027
841
232
342
190
465
081
872
257
732
217
242
893
760
338
848
144
228
913
954
149
470
671
383
972
559
476
719
975
568
843
114
176
349
407
010
932
822
949
174
101
125
305
213
943
706
784
513
397
290
181
023
317
759
131
113
494
065
465
314
423
516
093
796
988
821
357
214
538
072
882
041
474
903
927
075
974
393
514
394
910
740
353
677
858
773
528
217
714
924
260
829
483
111
827
196
969
426
115
875
109
397
281
560
927
496
610
938
591
670
837
712
566
454
308
374
645
052
721
578
016
603
691
292
876
587
654
159
638
634
752
918
877
519
336
897
915
607
844
402
554
950
879
942
003
827
081
692
633
607
480
073
581
789
663
817
789
965
818
030
551
583
640
552
610
849
669
744
880
310
729
591
672
960
779
374
879
004
344
490
056
349
911
654
161
850
459
956
684
367
940
608
615
593
095
566
335
759
430
480
937
894
869
345
292
790
398
423
666
549
839
860
906
008
707
399
587
319
550
412
804
751
454
423
695
156
773
299
173
963
844
323
063
073
807
438
127
772
597
738
244
457
438
176
740
761
856
317
822
061
685
648
318
239
567
642
681
304
154
013
367
284
083
062
830
230
188
823
612
298
889
468
279
214
348
669
640
534
281
911
510
017
845
623
696
288
500
035
362
247
059
551
586
965
713
919
200
446
475
565
817
209
354
147
838
995
048
627
037
139
508
841
188
351
389
572
453
719
063
831
566
714
110
097
221
218
938
731
412
890
302
570
722
986
419
832
373
269
056
974
539
736
644
223
992
431
181
301
146
663
505
192
048
359
705
477
645
603
832
207
985
580
691
515
730
197
485
585
436
937
474
402
792
290
069
085
851
003
046
809
821
161
852
076
877
376
456
530
892
558
576
988
999
328
303
821
047
351
085
718
016
665
055
661
994
443
207
774
359
208
658
652
567
698
645
389
416
508
834
939
393
989
375
737
268
140
968
440
897
540
147
236
514
767
444
194
529
785
918
506
298
384
141
429
344
358
135
328
514
334
740
304
869
434
626
157
403
397
047
196
916
037
499
951
438
754
671
927
159
475
363
820
801
813
632
055
364
400
014
807
982
393
119
541
368
699
342
452
071
915
687
187
736
398
433
368
007
052
440
213
502
811
991
106
355
535
053
003
096
000
493
548
518
178
633
518
967
867
172
843
764
679
525
971
424
294
794
104
107
749
320
808
835
905
819
997
144
045
836
794
209
547
549
315
579
766
234
896
786
560
891
020
922
409
815
816
186
980
768
210
309
489
268
700
032
223
002
528
201
190
055
182
928
337
050
404
369
914
795
896
931
750
000
647
725
107
431
538
223
699
622
837
076
766
132
395
913
604
661
167
837
032
525
934
636
529
213
751
884
962
166
015
864
728
640
280
458
914
833
647
683
681
799
563
156
458
465
164
979
964
161
409
840
103
524
950
340
409
413
374
152
697
589
085
865
001
667
049
615
448
674
470
553
597
419
959
371
923
680
242
128
307
057
151
132
273
747
752
386
788
985
717
869
067
590
724
625
083
925
831
028
064
971
640
938
180
303
179
364
427
226
416
721
082
228
817
466
931
385
560
610
422
781
545
197
904
487
408
442
032
560
327
274
102
154
469
464
918
199
624
653
492
300
000
945
934
626
154
040
836
382
979
144
148
418
160
159
042
322
409
407
081
979
669
659
026
357
022
014
475
457
706
400
816
268
303
612
437
249
662
857
738
898
544
933
543
570
793
802
172
830
828
132
156
690
363
428
403
308
230
179
930
149
320
266
125
898
372
312
149
320
570
807
505
183
136
984
562
674
825
088
960
016
112
254
999
745
573
793
950
954
448
616
369
153
380
765
030
149
302
020
517
094
353
790
346
495
831
129
239
377
798
558
889
522
992
279
793
476
675
852
606
667
105
450
856
399
785
747
119
284
913
535
124
732
545
423
558
674
112
331
349
494
924
051
125
214
430
816
343
196
784
013
960
334
627
749
507
511
338
700
110
364
908
664
545
947
519
666
605
321
732
661
736
861
573
356
188
301
473
417
631
728
891
498
615
814
669
866
817
052
466
453
781
825
493
838
547
432
696
217
062
235
268
649
173
373
952
692
981
573
882
941
706
360
119
393
884
062
095
492
117
398
675
323
193
047
552
358
302
855
739
482
021
584
141
420
585
592
830
687
801
611
263
862
590
037
492
644
513
138
319
755
476
607
746
828
511
153
033
384
274
284
818
289
942
024
030
537
154
818
014
603
488
505
774
451
208
662
998
480
518
417
701
269
989
848
811
942
212
734
503
772
669
404
539
085
581
073
179
094
407
443
225
012
636
602
859
481
775
321
948
885
505
009
806
336
951
119
391
759
470
731
655
291
190
400
257
762
152
218
724
342
468
952
746
066
425
045
518
790
904
831
735
225
400
209
144
717
810
324
579
296
630
602
653
529
642
177
130
671
245
418
488
304
006
755
845
074
415
368
958
779
071
589
258
905
574
687
811
180
942
827
379
710
666
623
399
071
745
977
914
394
163
683
691
016
889
500
617
326
775
144
987
029
295
668
403
656
204
078
899
892
951
363
418
304
208
400
522
321
393
359
212
712
195
570
485
409
414
928
551
975
747
575
748
790
344
392
296
581
305
577
481
652
529
956
441
916
814
550
035
193
735
504
558
459
255
736
313
733
484
019
015
623
827
283
503
939
509
802
415
644
569
760
676
948
539
695
047
790
638
447
900
460
977
182
173
365
140
455
863
960
683
189
039
147
019
959
641
904
164
503
300
851
064
783
300
689
242
958
807
175
640
417
041
517
677
237
865
846
736
363
308
519
219
152
452
566
671
918
244
316
791
921
342
160
131
043
981
050
146
793
992
935
576
426
849
857
492
083
537
440
691
973
143
520
541
457
473
241
110
158
184
266
501
023
310
068
474
411
448
998
523
410
568
076
435
433
321
072
874
165
683
251
315
666
994
727
645
279
772
559
850
685
340
039
748
718
479
253
790
440
795
334
663
666
126
683
330
085
450
138
377
557
601
820
539
842
982
673
241
001
870
328
995
510
751
211
589
453
404
363
410
215
596
608
553
949
708
207
692
577
867
361
083
357
900
050
114
407
690
519
095
426
127
132
368
348
075
803
072
275
892
134
031
960
014
377
209
848
286
654
195
364
384
626
582
435
688
363
462
128
351
141
171
292
015
714
999
036
880
858
931
133
711
812
084
940
217
166
454
355
332
052
442
913
086
440
594
724
860
008
086
478
883
923
455
040
708
661
596
203
823
149
237
304
605
175
101
467
910
960
160
756
294
737
761
967
976
802
403
321
715
401
274
306
731
419
130
929
396
490
305
277
542
936
817
708
309
985
052
128
666
777
576
835
306
771
225
153
566
138
469
021
846
069
116
710
594
463
446
715
697
891
848
314
667
930
409
964
403
028
460
497
141
686
515
900
051
661
497
884
878
481
800
400
848
098
634
624
349
179
746
713
877
614
229
110
160
842
429
681
468
726
536
540
173
969
014
038
272
139
924
381
895
864
467
998
437
493
539
248
218
827
540
208
176
905
900
009
097
874
212
139
162
583
024
922
369
793
851
272
198
705
789
313
809
288
699
868
598
550
806
332
540
456
650
895
138
713
753
531
914
833
455
428
227
823
028
185
335
516
478
220
214
271
762
041
714
149
059
783
925
262
209
290
528
396
940
927
316
952
336
393
617
203
542
158
348
894
285
751
041
425
163
557
506
434
692
900
574
519
977
331
103
592
126
871
901
018
767
495
134
890
933
175
630
483
139
209
455
603
260
794
807
788
989
158
013
892
964
951
002
961
424
994
404
074
166
598
129
859
164
073
877
612
380
667
214
328
734
654
830
842
710
353
798
322
927
818
332
756
810
918
153
433
073
268
123
075
251
517
813
609
791
370
558
214
238
664
300
775
249
361
586
516
488
791
996
060
590
430
749
319
369
949
312
950
774
168
965
477
943
494
105
306
663
572
667
167
052
489
936
899
964
180
796
131
573
596
482
594
005
333
034
275
053
502
102
916
130
830
880
367
380
529
079
851
630
203
609
669
240
869
045
671
307
549
422
063
665
606
022
171
660
816
115
217
885
571
157
228
416
880
666
212
808
553
295
969
944
053
144
058
458
595
555
854
169
958
875
787
467
600
959
311
245
717
542
195
081
257
058
307
142
493
830
272
784
005
710
488
028
934
942
466
700
723
086
631
074
275
599
151
881
853
699
827
717
389
925
339
985
271
405
313
075
766
803
715
802
107
438
053
850
854
740
658
707
003
319
864
568
052
928
043
019
321
605
229
397
107
619
519
187
419
787
472
263
357
649
651
369
229
722
774
409
378
008
487
167
066
933
798
284
731
821
927
092
227
303
935
836
339
631
828
424
911
253
992
151
800
205
485
801
798
247
152
287
936
086
270
597
264
177
688
679
439
476
477
878
607
828
505
471
144
611
941
791
986
557
070
